{"fl_x": 888.888916015625, "fl_y": 888.888916015625, "cx": 320.0, "cy": 240.0, "w": 640, "h": 480, "frames": [{"transform_matrix": [[0.9970355033874512, 0.02395239658653736, -0.07311979681253433, -0.06166382133960724], [-0.07694298028945923, 0.3103777766227722, -0.9474942684173584, -1.050122857093811], [0.0, 0.9503114223480225, 0.3113006055355072, -0.20946654677391052], [0.0, 0.0, 0.0, 1.0]], "file_path": "images/1", "depth_path": "images/1.depth.png"}, {"transform_matrix": [[0.9999417066574097, 0.0033771705348044634, -0.010256272740662098, 0.0005210191011428833], [-0.010797982104122639, 0.3127411901950836, -0.9497769474983215, -1.0480003356933594], [2.3283064365386963e-10, 0.9498323798179626, 0.3127593994140625, -0.20946654677391052], [0.0, 0.0, 0.0, 1.0]], "file_path": "images/2", "depth_path": "images/2.depth.png"}, {"transform_matrix": [[0.9984424710273743, -0.017460787668824196, 0.05298639461398125, 0.0627053901553154], [0.05578920617699623, 0.3124903738498688, -0.9482812881469727, -1.0458778142929077], [0.0, 0.9497604370117188, 0.31297779083251953, -0.20946654677391052], [0.0, 0.0, 0.0, 1.0]], "file_path": "images/3", "depth_path": "images/3.depth.png"}, {"transform_matrix": [[0.9925313591957092, -0.03827912360429764, 0.1158280298113823, 0.12419351935386658], [0.12198943644762039, 0.3114469051361084, -0.9424008727073669, -1.0376968383789062], [0.0, 0.9494922757148743, 0.3137904703617096, -0.20946654677391052], [0.0, 0.0, 0.0, 1.0]], "file_path": "images/4", "depth_path": "images/4.depth.png"}, {"transform_matrix": [[0.982160747051239, -0.059145163744688034, 0.17849978804588318, 0.1852388083934784], [0.18804343044757843, 0.308918297290802, -0.932313859462738, -1.0256578922271729], [3.725290298461914e-09, 0.9492477178573608, 0.31452929973602295, -0.20946654677391052], [0.0, 0.0, 0.0, 1.0]], "file_path": "images/5", "depth_path": "images/5.depth.png"}, {"transform_matrix": [[0.9673929810523987, -0.07969148457050323, 0.24041663110256195, 0.2457314282655716], [0.25328025221824646, 0.3043781518936157, -0.9182608723640442, -1.0116006135940552], [0.0, 0.949211835861206, 0.31463757157325745, -0.20946654677391052], [0.0, 0.0, 0.0, 1.0]], "file_path": "images/6", "depth_path": "images/6.depth.png"}, {"transform_matrix": [[0.9482436180114746, -0.10021239519119263, 0.30131620168685913, 0.30440354347229004], [0.3175436556339264, 0.29925259947776794, -0.8997854590415955, -0.9908872842788696], [0.0, 0.9488969445228577, 0.3155861496925354, -0.20946654677391052], [0.0, 0.0, 0.0, 1.0]], "file_path": "images/7", "depth_path": "images/7.depth.png"}, {"transform_matrix": [[0.9247749447822571, -0.11995892971754074, 0.36111098527908325, 0.3630756735801697], [0.38051456212997437, 0.2915394902229309, -0.8776179552078247, -0.970173716545105], [0.0, 0.9490072131156921, 0.31525444984436035, -0.20946654677391052], [0.0, 0.0, 0.0, 1.0]], "file_path": "images/8", "depth_path": "images/8.depth.png"}, {"transform_matrix": [[0.8971596956253052, -0.13946524262428284, 0.41911080479621887, 0.41905492544174194], [0.44170624017715454, 0.28327107429504395, -0.8512656092643738, -0.9431692361831665], [-7.450580152834618e-09, 0.9488450884819031, 0.31574204564094543, -0.20946654677391052], [0.0, 0.0, 0.0, 1.0]], "file_path": "images/9", "depth_path": "images/9.depth.png"}, {"transform_matrix": [[0.8654565215110779, -0.1579732745885849, 0.4754254221916199, 0.47454744577407837], [0.5009838342666626, 0.2729010283946991, -0.8213040232658386, -0.9150261878967285], [0.0, 0.9489834308624268, 0.315326064825058, -0.20946654677391052], [0.0, 0.0, 0.0, 1.0]], "file_path": "images/10", "depth_path": "images/10.depth.png"}, {"transform_matrix": [[0.8299946188926697, -0.175502210855484, 0.5294411778450012, 0.5283695459365845], [0.5577713847160339, 0.26115697622299194, -0.7878376245498657, -0.8840229511260986], [-1.4901160305669237e-08, 0.9492081999778748, 0.31464895606040955, -0.20946654677391052], [0.0, 0.0, 0.0, 1.0]], "file_path": "images/11", "depth_path": "images/11.depth.png"}, {"transform_matrix": [[0.7908447980880737, -0.1921340525150299, 0.5810756683349609, 0.5801553130149841], [0.6120166182518005, 0.24827463924884796, -0.7508630156517029, -0.8495320081710815], [0.0, 0.9494442343711853, 0.31393593549728394, -0.20946654677391052], [0.0, 0.0, 0.0, 1.0]], "file_path": "images/12", "depth_path": "images/12.depth.png"}, {"transform_matrix": [[0.7485520839691162, -0.20693829655647278, 0.6299571990966797, 0.6317219734191895], [0.6630758047103882, 0.2336144596338272, -0.7111642360687256, -0.8147475719451904], [0.0, 0.9500530362129211, 0.31208840012550354, -0.20946654677391052], [0.0, 0.0, 0.0, 1.0]], "file_path": "images/13", "depth_path": "images/13.depth.png"}, {"transform_matrix": [[0.7030603289604187, -0.22113634645938873, 0.6758734583854675, 0.679401695728302], [0.7111302018165588, 0.21862690150737762, -0.6682036519050598, -0.7747712135314941], [0.0, 0.9504215121269226, 0.3109646141529083, -0.20946654677391052], [0.0, 0.0, 0.0, 1.0]], "file_path": "images/14", "depth_path": "images/14.depth.png"}, {"transform_matrix": [[0.6551017761230469, -0.23319274187088013, 0.7186534404754639, 0.7270811200141907], [0.755540668964386, 0.20219294726848602, -0.6231182813644409, -0.7347952127456665], [0.0, 0.9511777758598328, 0.30864354968070984, -0.20946654677391052], [0.0, 0.0, 0.0, 1.0]], "file_path": "images/15", "depth_path": "images/15.depth.png"}, {"transform_matrix": [[0.6047844886779785, -0.24407248198986053, 0.7580661177635193, 0.771724283695221], [0.7963891625404358, 0.1853506863117218, -0.575681746006012, -0.6915658712387085], [0.0, 0.9518790245056152, 0.30647391080856323, -0.20946654677391052], [0.0, 0.0, 0.0, 1.0]], "file_path": "images/16", "depth_path": "images/16.depth.png"}, {"transform_matrix": [[0.5525448322296143, -0.2532165050506592, 0.7940878868103027, 0.8148943781852722], [0.833483099937439, 0.16786602139472961, -0.5264284014701843, -0.6467574834823608], [-1.4901160305669237e-08, 0.9527341723442078, 0.3038052022457123, -0.20946654677391052], [0.0, 0.0, 0.0, 1.0]], "file_path": "images/17", "depth_path": "images/17.depth.png"}, {"transform_matrix": [[0.4989381730556488, -0.2606000304222107, 0.8265278935432434, 0.8563888072967529], [0.8666375875473022, 0.1500319242477417, -0.4758463203907013, -0.6004990339279175], [-7.450580152834618e-09, 0.9537180662155151, 0.30070242285728455, -0.20946654677391052], [0.0, 0.0, 0.0, 1.0]], "file_path": "images/18", "depth_path": "images/18.depth.png"}, {"transform_matrix": [[0.4438122510910034, -0.26686349511146545, 0.855461597442627, 0.8945313096046448], [0.8961197137832642, 0.1321668028831482, -0.42367589473724365, -0.5513405799865723], [7.450580152834618e-09, 0.9546286463737488, 0.29779890179634094, -0.20946654677391052], [0.0, 0.0, 0.0, 1.0]], "file_path": "images/19", "depth_path": "images/19.depth.png"}, {"transform_matrix": [[0.38829657435417175, -0.27097153663635254, 0.8807952404022217, 0.9323299527168274], [0.9215343594551086, 0.11417625099420547, -0.3711308240890503, -0.5019446611404419], [-7.4505792646561986e-09, 0.9557919502258301, 0.2940438687801361, -0.20946654677391052], [0.0, 0.0, 0.0, 1.0]], "file_path": "images/20", "depth_path": "images/20.depth.png"}, {"transform_matrix": [[0.3315005302429199, -0.2746387720108032, 0.9025967717170715, 0.9646998047828674], [0.9434550404548645, 0.09649945050477982, -0.3171442151069641, -0.4488072097301483], [0.0, 0.9566929340362549, 0.291098952293396, -0.20946654677391052], [0.0, 0.0, 0.0, 1.0]], "file_path": "images/21", "depth_path": "images/21.depth.png"}, {"transform_matrix": [[0.2749496102333069, -0.2761949598789215, 0.9209337830543518, 0.9970698952674866], [0.9614586234092712, 0.0789838507771492, -0.2633606791496277, -0.3956693410873413], [0.0, 0.9578506946563721, 0.2872665822505951, -0.20946654677391052], [0.0, 0.0, 0.0, 1.0]], "file_path": "images/22", "depth_path": "images/22.depth.png"}, {"transform_matrix": [[0.21758995950222015, -0.27749103307724, 0.9357635378837585, 1.0234037637710571], [0.9760401844978333, 0.06186145544052124, -0.20861105620861053, -0.33935368061065674], [0.0, 0.9587345719337463, 0.28430283069610596, -0.20946654677391052], [0.0, 0.0, 0.0, 1.0]], "file_path": "images/23", "depth_path": "images/23.depth.png"}, {"transform_matrix": [[0.16067726910114288, -0.2770965099334717, 0.9473121762275696, 1.0488991737365723], [0.9870070219039917, 0.04510921612381935, -0.1542152464389801, -0.2825958728790283], [-3.725290076417309e-09, 0.9597827196121216, 0.2807442247867584, -0.20946654677391052], [0.0, 0.0, 0.0, 1.0]], "file_path": "images/24", "depth_path": "images/24.depth.png"}, {"transform_matrix": [[0.10329492390155792, -0.2766660451889038, 0.955398440361023, 1.0675134658813477], [0.9946507811546326, 0.02873189188539982, -0.09921855479478836, -0.22333025932312012], [0.0, 0.960536539554596, 0.2781539559364319, -0.20946654677391052], [0.0, 0.0, 0.0, 1.0]], "file_path": "images/25", "depth_path": "images/25.depth.png"}, {"transform_matrix": [[0.0464249923825264, -0.27487221360206604, 0.9603593349456787, 1.0845263004302979], [0.9989217519760132, 0.012774715200066566, -0.04463279992341995, -0.16348081827163696], [0.0, 0.9613959193229675, 0.27516889572143555, -0.20946654677391052], [0.0, 0.0, 0.0, 1.0]], "file_path": "images/26", "depth_path": "images/26.depth.png"}, {"transform_matrix": [[-0.01084727980196476, -0.27361008524894714, 0.9617794752120972, 1.0921783447265625], [0.9999411106109619, -0.002968100132420659, 0.010433305986225605, -0.10183776915073395], [0.0, 0.9618361592292786, 0.2736261188983917, -0.20946654677391052], [0.0, 0.0, 0.0, 1.0]], "file_path": "images/27", "depth_path": "images/27.depth.png"}, {"transform_matrix": [[-0.0675775408744812, -0.27136650681495667, 0.9601007699966431, 1.0975658893585205], [0.9977139830589294, -0.0183802992105484, 0.06502991169691086, -0.03994850814342499], [-1.8626450382086546e-09, 0.9623005986213684, 0.27198827266693115, -0.20924735069274902], [0.0, 0.0, 0.0, 1.0]], "file_path": "images/28", "depth_path": "images/28.depth.png"}, {"transform_matrix": [[-0.12437154352664948, -0.2726900577545166, 0.9540293216705322, 1.090559720993042], [0.9922357201576233, -0.03418026864528656, 0.11958257853984833, 0.02179531753063202], [0.0, 0.9614946842193604, 0.2748238146305084, -0.20607534050941467], [0.0, 0.0, 0.0, 1.0]], "file_path": "images/29", "depth_path": "images/29.depth.png"}, {"transform_matrix": [[-0.18038663268089294, -0.274711012840271, 0.9444546103477478, 1.0793598890304565], [0.9835957288742065, -0.050380658358335495, 0.1732083559036255, 0.08243271708488464], [3.725290076417309e-09, 0.9602060317993164, 0.27929261326789856, -0.20112359523773193], [0.0, 0.0, 0.0, 1.0]], "file_path": "images/30", "depth_path": "images/30.depth.png"}, {"transform_matrix": [[-0.23567208647727966, -0.27987104654312134, 0.9306615591049194, 1.0596485137939453], [0.9718326330184937, -0.06786949932575226, 0.22568799555301666, 0.1408238410949707], [0.0, 0.9576355814933777, 0.2879827618598938, -0.19255945086479187], [0.0, 0.0, 0.0, 1.0]], "file_path": "images/31", "depth_path": "images/31.depth.png"}, {"transform_matrix": [[-0.2897399365901947, -0.28625980019569397, 0.9132940769195557, 1.0343291759490967], [0.9571054577827454, -0.0866580605506897, 0.2764771580696106, 0.19633464515209198], [-7.450580596923828e-09, 0.9542251825332642, 0.29908910393714905, -0.1819210946559906], [0.0, 0.0, 0.0, 1.0]], "file_path": "images/32", "depth_path": "images/32.depth.png"}, {"transform_matrix": [[-0.3431434631347656, -0.2931364178657532, 0.8923695683479309, 1.004455804824829], [0.9392829537391663, -0.1070900484919548, 0.32600486278533936, 0.24950557947158813], [7.450580596923828e-09, 0.9500540494918823, 0.3120853006839752, -0.16959844529628754], [0.0, 0.0, 0.0, 1.0]], "file_path": "images/33", "depth_path": "images/33.depth.png"}, {"transform_matrix": [[-0.39504945278167725, -0.3006909191608429, 0.8680558204650879, 0.9692347645759583], [0.9186598062515259, -0.12930552661418915, 0.3732883036136627, 0.29866427183151245], [7.450580152834618e-09, 0.9449154138565063, 0.3273147642612457, -0.1557074785232544], [0.0, 0.0, 0.0, 1.0]], "file_path": "images/34", "depth_path": "images/34.depth.png"}, {"transform_matrix": [[-0.44650426506996155, -0.30706948041915894, 0.8404417037963867, 0.9315938353538513], [0.8947815299034119, -0.15323050320148468, 0.41938817501068115, 0.3460081219673157], [0.0, 0.9392703175544739, 0.3431781232357025, -0.14110687375068665], [0.0, 0.0, 0.0, 1.0]], "file_path": "images/35", "depth_path": "images/35.depth.png"}, {"transform_matrix": [[-0.4964491128921509, -0.31299543380737305, 0.809674084186554, 0.8896678686141968], [0.8680658340454102, -0.17900291085243225, 0.46305471658706665, 0.3891640603542328], [0.0, 0.9327334761619568, 0.36056646704673767, -0.1257081776857376], [0.0, 0.0, 0.0, 1.0]], "file_path": "images/36", "depth_path": "images/36.depth.png"}, {"transform_matrix": [[-0.5458452701568604, -0.31675413250923157, 0.7757059931755066, 0.8460909128189087], [0.8378859758377075, -0.206351175904274, 0.5053378343582153, 0.43070700764656067], [0.0, 0.9257894158363342, 0.378039687871933, -0.11000194400548935], [0.0, 0.0, 0.0, 1.0]], "file_path": "images/37", "depth_path": "images/37.depth.png"}, {"transform_matrix": [[-0.5937945246696472, -0.3187486231327057, 0.7387877702713013, 0.7994754314422607], [0.8046166300773621, -0.23523150384426117, 0.5452138781547546, 0.46859869360923767], [-1.4901160305669237e-08, 0.9181859493255615, 0.3961496353149414, -0.094170942902565], [0.0, 0.0, 0.0, 1.0]], "file_path": "images/38", "depth_path": "images/38.depth.png"}, {"transform_matrix": [[-0.6407524943351746, -0.31793874502182007, 0.6988211870193481, 0.7512484192848206], [0.7677474617958069, -0.2653477191925049, 0.5832275152206421, 0.5045558214187622], [-2.9802322387695312e-08, 0.9102227687835693, 0.4141188859939575, -0.0782734602689743], [0.0, 0.0, 0.0, 1.0]], "file_path": "images/39", "depth_path": "images/39.depth.png"}, {"transform_matrix": [[-0.6861884593963623, -0.31413525342941284, 0.6560978293418884, 0.7011501789093018], [0.7274237275123596, -0.29632794857025146, 0.618905782699585, 0.5378237962722778], [0.0, 0.9019471406936646, 0.4318463206291199, -0.06265673041343689], [0.0, 0.0, 0.0, 1.0]], "file_path": "images/40", "depth_path": "images/40.depth.png"}, {"transform_matrix": [[-0.7299512028694153, -0.3070977032184601, 0.6106244325637817, 0.6491597890853882], [0.6834991574287415, -0.3279687166213989, 0.652123749256134, 0.5683748722076416], [0.0, 0.893379807472229, 0.44930219650268555, -0.047323375940322876], [0.0, 0.0, 0.0, 1.0]], "file_path": "images/41", "depth_path": "images/41.depth.png"}, {"transform_matrix": [[-0.7718513011932373, -0.29612237215042114, 0.5626339912414551, 0.5963117480278015], [0.6358031034469604, -0.3594861924648285, 0.6830256581306458, 0.5974569320678711], [-2.980232594040899e-08, 0.8849186897277832, 0.46574535965919495, -0.03233276307582855], [0.0, 0.0, 0.0, 1.0]], "file_path": "images/42", "depth_path": "images/42.depth.png"}, {"transform_matrix": [[-0.8112732172012329, -0.28167736530303955, 0.5123412013053894, 0.5411900877952576], [0.5846670866012573, -0.3908502757549286, 0.7109151482582092, 0.6226503849029541], [0.0, 0.8762955069541931, 0.4817739725112915, -0.018248945474624634], [0.0, 0.0, 0.0, 1.0]], "file_path": "images/43", "depth_path": "images/43.depth.png"}, {"transform_matrix": [[-0.8482089042663574, -0.262810617685318, 0.45986098051071167, 0.48604869842529297], [0.5296617150306702, -0.42086920142173767, 0.7364288568496704, 0.6478022336959839], [0.0, 0.868216335773468, 0.4961857497692108, -0.0041798800230026245], [0.0, 0.0, 0.0, 1.0]], "file_path": "images/44", "depth_path": "images/44.depth.png"}, {"transform_matrix": [[-0.8818336129188538, -0.24048756062984467, 0.40562939643859863, 0.4282975196838379], [0.47156068682670593, -0.44971948862075806, 0.7585400342941284, 0.6675156354904175], [0.0, 0.8601849675178528, 0.5099822878837585, 0.007968336343765259], [0.0, 0.0, 0.0, 1.0]], "file_path": "images/45", "depth_path": "images/45.depth.png"}, {"transform_matrix": [[-0.9121026992797852, -0.21399229764938354, 0.3496798276901245, 0.3705461621284485], [0.4099617898464203, -0.476100355386734, 0.7779844999313354, 0.6872292757034302], [0.0, 0.8529570698738098, 0.5219810605049133, 0.020116597414016724], [0.0, 0.0, 0.0, 1.0]], "file_path": "images/46", "depth_path": "images/46.depth.png"}, {"transform_matrix": [[-0.938388466835022, -0.18407513201236725, 0.29247814416885376, 0.3112461566925049], [0.3455822765827179, -0.4998345673084259, 0.7941902875900269, 0.7027676105499268], [0.0, 0.8463342785835266, 0.5326520800590515, 0.030334174633026123], [0.0, 0.0, 0.0, 1.0]], "file_path": "images/47", "depth_path": "images/47.depth.png"}, {"transform_matrix": [[-0.9604416489601135, -0.15083104372024536, 0.23409804701805115, 0.2513478994369507], [0.2784813940525055, -0.5201941728591919, 0.8073698878288269, 0.7166938781738281], [0.0, 0.8406235575675964, 0.5416197776794434, 0.03980633616447449], [0.0, 0.0, 0.0, 1.0]], "file_path": "images/48", "depth_path": "images/48.depth.png"}, {"transform_matrix": [[-0.9778391718864441, -0.11489410698413849, 0.17501403391361237, 0.19076840579509735], [0.20935751497745514, -0.5366320610046387, 0.8174322247505188, 0.7278820276260376], [0.0, 0.8359577059745789, 0.5487937927246094, 0.047748059034347534], [0.0, 0.0, 0.0, 1.0]], "file_path": "images/49", "depth_path": "images/49.depth.png"}, {"transform_matrix": [[-0.9903700351715088, -0.07673146575689316, 0.11523599922657013, 0.12930898368358612], [0.13844509422779083, -0.5489001274108887, 0.8243431448936462, 0.7355339527130127], [-7.450580152834618e-09, 0.8323585987091064, 0.5542373657226562, 0.053713202476501465], [0.0, 0.0, 0.0, 1.0]], "file_path": "images/50", "depth_path": "images/50.depth.png"}, {"transform_matrix": [[-0.9977794289588928, -0.0371437631547451, 0.055286429822444916, 0.06772594153881073], [0.06660517305135727, -0.5564324259757996, 0.8282188773155212, 0.7420319318771362], [-3.725290742551124e-09, 0.8300621509552002, 0.5576708316802979, 0.05893707275390625], [0.0, 0.0, 0.0, 1.0]], "file_path": "images/51", "depth_path": "images/51.depth.png"}, {"transform_matrix": [[-0.9999824166297913, 0.003319117473438382, -0.004920675419270992, 0.0055286213755607605], [-0.005935452412813902, -0.5591922998428345, 0.8290166854858398, 0.7427843809127808], [0.0, 0.8290313482284546, 0.5592021942138672, 0.060470640659332275], [0.0, 0.0, 0.0, 1.0]], "file_path": "images/52", "depth_path": "images/52.depth.png"}, {"transform_matrix": [[-0.9969332814216614, 0.043722499161958694, -0.06490277498960495, -0.05666869506239891], [-0.07825616002082825, -0.5569965839385986, 0.8268197178840637, 0.7435368299484253], [0.0, 0.8293631672859192, 0.558709979057312, 0.0620042085647583], [0.0, 0.0, 0.0, 1.0]], "file_path": "images/53", "depth_path": "images/53.depth.png"}, {"transform_matrix": [[-0.9886953234672546, 0.08339381217956543, -0.12460749596357346, -0.11859169602394104], [-0.14993849396705627, -0.5498992800712585, 0.8216625452041626, 0.7383965253829956], [0.0, 0.8310573697090149, 0.5561867356300354, 0.05952778458595276], [0.0, 0.0, 0.0, 1.0]], "file_path": "images/54", "depth_path": "images/54.depth.png"}, {"transform_matrix": [[-0.9754412174224854, 0.1215120404958725, -0.18370993435382843, -0.18049047887325287], [-0.2202601134777069, -0.5381267070770264, 0.8135755062103271, 0.7327415943145752], [0.0, 0.8340590596199036, 0.5516751408576965, 0.05670124292373657], [0.0, 0.0, 0.0, 1.0]], "file_path": "images/55", "depth_path": "images/55.depth.png"}, {"transform_matrix": [[-0.9573745131492615, 0.1575464904308319, -0.24210140109062195, -0.24142581224441528], [-0.2888493835926056, -0.5221787095069885, 0.8024309873580933, 0.7217926979064941], [-1.4901160305669237e-08, 0.8381577730178833, 0.5454277992248535, 0.0506402850151062], [0.0, 0.0, 0.0, 1.0]], "file_path": "images/56", "depth_path": "images/56.depth.png"}, {"transform_matrix": [[-0.9348768591880798, 0.190725177526474, -0.2993811368942261, -0.30227428674697876], [-0.3549720048904419, -0.5023059248924255, 0.7884691953659058, 0.7104655504226685], [0.0, 0.8433935046195984, 0.5372962951660156, 0.04436090588569641], [0.0, 0.0, 0.0, 1.0]], "file_path": "images/57", "depth_path": "images/57.depth.png"}, {"transform_matrix": [[-0.9081658720970154, 0.2209486961364746, -0.3555508852005005, -0.361489474773407], [-0.418610543012619, -0.47934311628341675, 0.7713594436645508, 0.6936941146850586], [0.0, 0.8493596315383911, 0.527814507484436, 0.035210996866226196], [0.0, 0.0, 0.0, 1.0]], "file_path": "images/58", "depth_path": "images/58.depth.png"}, {"transform_matrix": [[-0.8777888417243958, 0.24749714136123657, -0.4101608395576477, -0.42041194438934326], [-0.4790477752685547, -0.4535043239593506, 0.7515630722045898, 0.6762205362319946], [-1.4901161193847656e-08, 0.8562002778053284, 0.5166440010070801, 0.025750696659088135], [0.0, 0.0, 0.0, 1.0]], "file_path": "images/59", "depth_path": "images/59.depth.png"}, {"transform_matrix": [[-0.8438799977302551, 0.2706605792045593, -0.46325939893722534, -0.4772599935531616], [-0.5365317463874817, -0.4257064759731293, 0.7286341190338135, 0.653774619102478], [0.0, 0.8634332418441772, 0.504463255405426, 0.014092311263084412], [0.0, 0.0, 0.0, 1.0]], "file_path": "images/60", "depth_path": "images/60.depth.png"}, {"transform_matrix": [[-0.8070576190948486, 0.28987568616867065, -0.5144219994544983, -0.533334493637085], [-0.5904725790023804, -0.3962019383907318, 0.7031117081642151, 0.6298946142196655], [-1.4901160305669237e-08, 0.8712038993835449, 0.49092140793800354, 0.0019244998693466187], [0.0, 0.0, 0.0, 1.0]], "file_path": "images/61", "depth_path": "images/61.depth.png"}, {"transform_matrix": [[-0.7673578858375549, 0.3056347668170929, -0.5636925101280212, -0.5870797634124756], [-0.6412189602851868, -0.36575838923454285, 0.6745805740356445, 0.6016969680786133], [1.4901160305669237e-08, 0.8790951371192932, 0.47664639353752136, -0.011777117848396301], [0.0, 0.0, 0.0, 1.0]], "file_path": "images/62", "depth_path": "images/62.depth.png"}, {"transform_matrix": [[-0.725335419178009, 0.31768569350242615, -0.6107080578804016, -0.6392467617988586], [-0.6883955001831055, -0.33473294973373413, 0.6434791684150696, 0.571159839630127], [1.4901158529312397e-08, 0.8871470093727112, 0.4614870846271515, -0.02610078454017639], [0.0, 0.0, 0.0, 1.0]], "file_path": "images/63", "depth_path": "images/63.depth.png"}, {"transform_matrix": [[-0.6810242533683777, 0.326416015625, -0.6554834246635437, -0.689078688621521], [-0.7322608232498169, -0.3035765588283539, 0.6096190214157104, 0.537162184715271], [0.0, 0.8951501846313477, 0.4457646608352661, -0.04134443402290344], [0.0, 0.0, 0.0, 1.0]], "file_path": "images/64", "depth_path": "images/64.depth.png"}, {"transform_matrix": [[-0.6347373723983765, 0.332133412361145, -0.6977075338363647, -0.7360978126525879], [-0.7727277874946594, -0.27282246947288513, 0.5731139183044434, 0.49979469180107117], [-1.4901158529312397e-08, 0.9029149413108826, 0.42981940507888794, -0.05716541409492493], [0.0, 0.0, 0.0, 1.0]], "file_path": "images/65", "depth_path": "images/65.depth.png"}, {"transform_matrix": [[-0.5866966247558594, 0.33471179008483887, -0.7373974323272705, -0.7811131477355957], [-0.8098067045211792, -0.24249526858329773, 0.5342369079589844, 0.46002593636512756], [0.0, 0.9105844497680664, 0.4133230447769165, -0.07339783012866974], [0.0, 0.0, 0.0, 1.0]], "file_path": "images/66", "depth_path": "images/66.depth.png"}, {"transform_matrix": [[-0.5367733836174011, 0.3353715240955353, -0.7742093801498413, -0.8215662240982056], [-0.8437264561653137, -0.2133612334728241, 0.49254706501960754, 0.41585561633110046], [-1.4901161193847656e-08, 0.9176071882247925, 0.39748844504356384, -0.08992204070091248], [0.0, 0.0, 0.0, 1.0]], "file_path": "images/67", "depth_path": "images/67.depth.png"}, {"transform_matrix": [[-0.485605388879776, 0.3329835832118988, -0.8082755208015442, -0.8607646226882935], [-0.8741781115531921, -0.18497216701507568, 0.44899654388427734, 0.37047839164733887], [0.0, 0.9246118664741516, 0.3809104561805725, -0.10652471333742142], [0.0, 0.0, 0.0, 1.0]], "file_path": "images/68", "depth_path": "images/68.depth.png"}, {"transform_matrix": [[-0.4324687421321869, 0.33010533452033997, -0.8390478491783142, -0.8931627869606018], [-0.9016488790512085, -0.15833240747451782, 0.40244266390800476, 0.3199177086353302], [0.0, 0.9305703639984131, 0.36611297726631165, -0.12281618267297745], [0.0, 0.0, 0.0, 1.0]], "file_path": "images/69", "depth_path": "images/69.depth.png"}, {"transform_matrix": [[-0.3783433735370636, 0.32481083273887634, -0.8668069243431091, -0.9238709807395935], [-0.9256653189659119, -0.13275860249996185, 0.35428646206855774, 0.26837676763534546], [7.450580152834618e-09, 0.9364150166511536, 0.3508944511413574, -0.13888174295425415], [0.0, 0.0, 0.0, 1.0]], "file_path": "images/70", "depth_path": "images/70.depth.png"}, {"transform_matrix": [[-0.3225979804992676, 0.3192457854747772, -0.8910738229751587, -0.9485135674476624], [-0.946536123752594, -0.10880517959594727, 0.30369532108306885, 0.21331802010536194], [7.450581485102248e-09, 0.9414050579071045, 0.33727794885635376, -0.1541362702846527], [0.0, 0.0, 0.0, 1.0]], "file_path": "images/71", "depth_path": "images/71.depth.png"}, {"transform_matrix": [[-0.2659010887145996, 0.3125411570072174, -0.9119290113449097, -0.9696484208106995], [-0.9640002846717834, -0.0862085223197937, 0.2515382468700409, 0.1568155437707901], [0.0, 0.9459841847419739, 0.3242127001285553, -0.16866612434387207], [0.0, 0.0, 0.0, 1.0]], "file_path": "images/72", "depth_path": "images/72.depth.png"}, {"transform_matrix": [[-0.20795144140720367, 0.3055657744407654, -0.9291855096817017, -0.9858168959617615], [-0.9781391620635986, -0.06496299058198929, 0.1975439339876175, 0.09826920926570892], [-3.725290298461914e-09, 0.9499523043632507, 0.31239497661590576, -0.18216988444328308], [0.0, 0.0, 0.0, 1.0]], "file_path": "images/73", "depth_path": "images/73.depth.png"}, {"transform_matrix": [[-0.149197056889534, 0.29864150285720825, -0.9426311254501343, -0.9969993829727173], [-0.9888074994087219, -0.04506077989935875, 0.14222970604896545, 0.03846371918916702], [0.0, 0.9533008933067322, 0.30202189087867737, -0.19433054327964783], [0.0, 0.0, 0.0, 1.0]], "file_path": "images/74", "depth_path": "images/74.depth.png"}, {"transform_matrix": [[-0.08955229818820953, 0.2913348078727722, -0.9524202346801758, -1.0043416023254395], [-0.9959820508956909, -0.02619495615363121, 0.08563550561666489, -0.022312453016638756], [-1.8626450382086546e-09, 0.956262469291687, 0.292510062456131, -0.20545682311058044], [0.0, 0.0, 0.0, 1.0]], "file_path": "images/75", "depth_path": "images/75.depth.png"}, {"transform_matrix": [[-0.029424579814076424, 0.2848079800605774, -0.9581328630447388, -1.0061044692993164], [-0.9995670318603516, -0.008383985608816147, 0.028204867616295815, -0.08364111930131912], [-9.313225746154785e-10, 0.9585478901863098, 0.28493139147758484, -0.21481919288635254], [0.0, 0.0, 0.0, 1.0]], "file_path": "images/76", "depth_path": "images/76.depth.png"}, {"transform_matrix": [[0.0312165766954422, 0.27785995602607727, -0.9601142406463623, -1.0047239065170288], [-0.9995126128196716, 0.008678066544234753, -0.029986094683408737, -0.14528127014636993], [0.0, 0.960582435131073, 0.27799543738365173, -0.22318774461746216], [0.0, 0.0, 0.0, 1.0]], "file_path": "images/77", "depth_path": "images/77.depth.png"}, {"transform_matrix": [[0.09183058142662048, 0.2712760269641876, -0.9581109285354614, -0.9988623261451721], [-0.9957745671272278, 0.02501714415848255, -0.08835723251104355, -0.20666445791721344], [0.0, 0.9621764421463013, 0.27242714166641235, -0.2301405817270279], [0.0, 0.0, 0.0, 1.0]], "file_path": "images/78", "depth_path": "images/78.depth.png"}, {"transform_matrix": [[0.1525229960680008, 0.2649614214897156, -0.9521198272705078, -0.9887853264808655], [-0.9882998466491699, 0.0408911406993866, -0.14693938195705414, -0.26780611276626587], [0.0, 0.9633916020393372, 0.2680981755256653, -0.23576167225837708], [0.0, 0.0, 0.0, 1.0]], "file_path": "images/79", "depth_path": "images/79.depth.png"}, {"transform_matrix": [[0.21272870898246765, 0.25869259238243103, -0.9422445297241211, -0.9749322533607483], [-0.977111279964447, 0.0563204400241375, -0.20513780415058136, -0.32813510298728943], [-3.725290076417309e-09, 0.9643163681030273, 0.26475244760513306, -0.24025343358516693], [0.0, 0.0, 0.0, 1.0]], "file_path": "images/80", "depth_path": "images/80.depth.png"}, {"transform_matrix": [[0.27250611782073975, 0.2528849244117737, -0.9283262491226196, -0.9564711451530457], [-0.9621540904045105, 0.07162335515022278, -0.26292526721954346, -0.38747259974479675], [0.0, 0.9648415446281433, 0.26283207535743713, -0.24336716532707214], [0.0, 0.0, 0.0, 1.0]], "file_path": "images/81", "depth_path": "images/81.depth.png"}, {"transform_matrix": [[0.3313567638397217, 0.24685807526111603, -0.910639226436615, -0.9347074627876282], [-0.9435055255889893, 0.08669593930244446, -0.3198142349720001, -0.4455642104148865], [-7.450580596923828e-09, 0.9651656746864319, 0.26163923740386963, -0.24556894600391388], [0.0, 0.0, 0.0, 1.0]], "file_path": "images/82", "depth_path": "images/82.depth.png"}, {"transform_matrix": [[0.389265239238739, 0.2411607801914215, -0.8889960646629333, -0.9084096550941467], [-0.9211256504058838, 0.10191390663385391, -0.3756873905658722, -0.5019464492797852], [0.0, 0.9651191830635071, 0.26181089878082275, -0.2465187907218933], [0.0, 0.0, 0.0, 1.0]], "file_path": "images/83", "depth_path": "images/83.depth.png"}, {"transform_matrix": [[0.4458075761795044, 0.2349778562784195, -0.8637366890907288, -0.879175066947937], [-0.8951287269592285, 0.11702775955200195, -0.4301731586456299, -0.5567175149917603], [0.0, 0.9649300575256348, 0.2625073194503784, -0.24674773216247559], [0.0, 0.0, 0.0, 1.0]], "file_path": "images/84", "depth_path": "images/84.depth.png"}, {"transform_matrix": [[0.5009087324142456, 0.22881996631622314, -0.8347046375274658, -0.8457246422767639], [-0.8655000329017639, 0.13242971897125244, -0.48308587074279785, -0.6091756820678711], [7.450580152834618e-09, 0.964418888092041, 0.2643789052963257, -0.24594181776046753], [0.0, 0.0, 0.0, 1.0]], "file_path": "images/85", "depth_path": "images/85.depth.png"}, {"transform_matrix": [[0.5541999936103821, 0.22189652919769287, -0.802262008190155, -0.8096764087677002], [-0.8323834538459778, 0.14773845672607422, -0.534145176410675, -0.659717321395874], [-7.450580152834618e-09, 0.9638128876686096, 0.26657968759536743, -0.24460271000862122], [0.0, 0.0, 0.0, 1.0]], "file_path": "images/86", "depth_path": "images/86.depth.png"}, {"transform_matrix": [[0.6055686473846436, 0.21464018523693085, -0.76630038022995, -0.7698158621788025], [-0.7957929372787476, 0.16333314776420593, -0.5831258893013, -0.7074465751647949], [1.4901158529312397e-08, 0.9629392027854919, 0.26971861720085144, -0.24248114228248596], [0.0, 0.0, 0.0, 1.0]], "file_path": "images/87", "depth_path": "images/87.depth.png"}, {"transform_matrix": [[0.6546832919120789, 0.20634542405605316, -0.7271941304206848, -0.7277109026908875], [-0.7559032440185547, 0.1787145435810089, -0.6298184990882874, -0.7530272006988525], [0.0, 0.9620201587677002, 0.2729785740375519, -0.2400161772966385], [0.0, 0.0, 0.0, 1.0]], "file_path": "images/88", "depth_path": "images/88.depth.png"}, {"transform_matrix": [[0.7014092206954956, 0.1973898857831955, -0.6848812699317932, -0.6821953654289246], [-0.7127587795257568, 0.1942467838525772, -0.6739756464958191, -0.795345664024353], [1.4901160305669237e-08, 0.9608878493309021, 0.276937872171402, -0.23702946305274963], [0.0, 0.0, 0.0, 1.0]], "file_path": "images/89", "depth_path": "images/89.depth.png"}, {"transform_matrix": [[0.7454464435577393, 0.18716762959957123, -0.6397483348846436, -0.6348174810409546], [-0.6665655374526978, 0.2093169093132019, -0.7154557108879089, -0.8353791236877441], [0.0, 0.9597680568695068, 0.28079405426979065, -0.2338847815990448], [0.0, 0.0, 0.0, 1.0]], "file_path": "images/90", "depth_path": "images/90.depth.png"}, {"transform_matrix": [[0.7866448760032654, 0.17604094743728638, -0.5917764902114868, -0.5844020247459412], [-0.6174057126045227, 0.22429610788822174, -0.7539902925491333, -0.871685266494751], [0.0, 0.9584888219833374, 0.2851300537586212, -0.23048239946365356], [0.0, 0.0, 0.0, 1.0]], "file_path": "images/91", "depth_path": "images/91.depth.png"}, {"transform_matrix": [[0.8247378468513489, 0.16350620985031128, -0.5413624048233032, -0.5325381755828857], [-0.5655152201652527, 0.238454669713974, -0.7895137071609497, -0.9056907892227173], [0.0, 0.957290530204773, 0.2891278564929962, -0.22708973288536072], [0.0, 0.0, 0.0, 1.0]], "file_path": "images/92", "depth_path": "images/92.depth.png"}, {"transform_matrix": [[0.8595693707466125, 0.14993923902511597, -0.4885271191596985, -0.4779903292655945], [-0.5110190510749817, 0.2522081434726715, -0.8217363357543945, -0.9354326725006104], [0.0, 0.9559860825538635, 0.2934121787548065, -0.22371506690979004], [0.0, 0.0, 0.0, 1.0]], "file_path": "images/93", "depth_path": "images/93.depth.png"}, {"transform_matrix": [[0.8909107446670532, 0.13494537770748138, -0.43366774916648865, -0.4224306344985962], [-0.4541783630847931, 0.26470717787742615, -0.8506773710250854, -0.9630208015441895], [-7.450580596923828e-09, 0.9548401832580566, 0.29711976647377014, -0.22048097848892212], [0.0, 0.0, 0.0, 1.0]], "file_path": "images/94", "depth_path": "images/94.depth.png"}, {"transform_matrix": [[0.9186080098152161, 0.1189250648021698, -0.3768502473831177, -0.36455726623535156], [-0.3951699435710907, 0.2764520049095154, -0.8760222792625427, -0.9856841564178467], [0.0, 0.953640878200531, 0.3009466528892517, -0.2175682634115219], [0.0, 0.0, 0.0, 1.0]], "file_path": "images/95", "depth_path": "images/95.depth.png"}, {"transform_matrix": [[0.9424781799316406, 0.10160502791404724, -0.31845131516456604, -0.3061061501502991], [-0.3342675566673279, 0.2864786386489868, -0.8978837132453918, -1.0065662860870361], [0.0, 0.9526837468147278, 0.3039631247520447, -0.21486374735832214], [0.0, 0.0, 0.0, 1.0]], "file_path": "images/96", "depth_path": "images/96.depth.png"}, {"transform_matrix": [[0.9623773694038391, 0.08340433984994888, -0.2585989534854889, -0.2457849383354187], [-0.2717162072658539, 0.29540544748306274, -0.9159180521965027, -1.0216878652572632], [0.0, 0.9517244696617126, 0.3069538474082947, -0.21283257007598877], [0.0, 0.0, 0.0, 1.0]], "file_path": "images/97", "depth_path": "images/97.depth.png"}, {"transform_matrix": [[0.9781770706176758, 0.0641840398311615, -0.19761082530021667, -0.18525922298431396], [-0.20777301490306854, 0.30217280983924866, -0.9303343892097473, -1.0357129573822021], [0.0, 0.9510899186134338, 0.3089142441749573, -0.21097803115844727], [0.0, 0.0, 0.0, 1.0]], "file_path": "images/98", "depth_path": "images/98.depth.png"}, {"transform_matrix": [[0.9897533655166626, 0.04436696693301201, -0.13571985065937042, -0.1234615296125412], [-0.1427876204252243, 0.30753612518310547, -0.9407620429992676, -1.0429178476333618], [-3.725290076417309e-09, 0.950501561164856, 0.31071996688842773, -0.2102222889661789], [0.0, 0.0, 0.0, 1.0]], "file_path": "images/99", "depth_path": "images/99.depth.png"}, {"transform_matrix": [[0.9970355033874512, 0.02395239658653736, -0.07311979681253433, -0.06166382133960724], [-0.07694298028945923, 0.3103777766227722, -0.9474942684173584, -1.050122857093811], [0.0, 0.9503114223480225, 0.3113006055355072, -0.20946654677391052], [0.0, 0.0, 0.0, 1.0]], "file_path": "images/100", "depth_path": "images/100.depth.png"}], "integer_depth_scale": 4.5777065690089265e-05, "aabb": [[-1.2991087436676025, -1.2797609567642212, -1.2809956073760986], [1.2625601291656494, 1.2819079160690308, 1.2806732654571533]], "objects": [{"name": "book", "X_WO": [[0.8898758292198181, 0.45620277523994446, 8.670081115269568e-06, -0.23871588706970215], [-0.4562027156352997, 0.8898757696151733, -0.0004192583728581667, -0.054532721638679504], [-0.00019898213213309646, 0.0003691325837280601, 0.9999999403953552, -0.517119824886322], [0.0, 0.0, 0.0, 1.0]], "bound_box": [[-0.3512895107269287, -0.17936690151691437, -0.5195072889328003], [-0.1261833906173706, 0.07084791362285614, -0.46570703387260437]], "instance_id": 255}, {"name": "laptop", "X_WO": [[0.9999999403953552, 5.258828616983794e-15, 0.0002685922954697162, 0.010611563920974731], [3.442735163616817e-08, 1.0000001192092896, -0.0001281769946217537, -0.11357051879167557], [-0.0002685922954697162, 0.00012817702372558415, 0.9999999403953552, -0.5171721577644348], [0.0, 0.0, 0.0, 1.0]], "bound_box": [[-0.1607600748538971, -0.2315729260444641, -0.5255916118621826], [0.17550702393054962, 0.07014575600624084, -0.30668771266937256]], "instance_id": 200}, {"name": "cup", "X_WO": [[0.9999999403953552, 5.258828616983794e-15, 0.0002685922954697162, 0.2725476324558258], [3.442735163616817e-08, 1.0000001192092896, -0.0001281769946217537, -0.1425350308418274], [-0.0002685922954697162, 0.00012817702372558415, 0.9999999403953552, -0.5211877822875977], [0.0, 0.0, 0.0, 1.0]], "bound_box": [[0.18848299980163574, -0.21760129928588867, -0.5295241475105286], [0.3546352982521057, -0.07653986662626266, -0.4373883306980133]], "instance_id": 150}, {"name": "bluebell", "X_WO": [[1.0, 0.0, 0.0, 0.2235679030418396], [0.0, 1.0, 0.0, -0.019527241587638855], [0.0, 0.0, 1.0, -0.41710442304611206], [0.0, 0.0, 0.0, 1.0]], "bound_box": [[0.1372528076171875, -0.09432686120271683, -0.5165746808052063], [0.2967168688774109, 0.049300335347652435, -0.2910118103027344]], "instance_id": 100}]}