{"fl_x": 888.888916015625, "fl_y": 888.888916015625, "cx": 320.0, "cy": 240.0, "w": 640, "h": 480, "frames": [{"transform_matrix": [[0.9320324063301086, -0.35875120759010315, 0.05111929029226303, 0.12514619529247284], [0.3623749613761902, 0.9227120876312256, -0.13147936761379242, -0.21925172209739685], [5.423479443322776e-10, 0.14106738567352295, 0.9900000095367432, 0.10758621990680695], [0.0, 0.0, 0.0, 1.0]], "file_path": "images/0", "depth_path": "images/0.depth.png"}, {"transform_matrix": [[-0.4424710273742676, 0.8698793053627014, -0.21801236271858215, -0.036332760006189346], [-0.8967828154563904, -0.42919689416885376, 0.10756693035364151, -0.07582398504018784], [1.306383978771919e-08, 0.2431049942970276, 0.9699999690055847, 0.09558622539043427], [0.0, 0.0, 0.0, 1.0]], "file_path": "images/1", "depth_path": "images/1.depth.png"}, {"transform_matrix": [[-0.27950385212898254, -0.9121373295783997, 0.2998051047325134, 0.2743576467037201], [0.960144579410553, -0.2655286490917206, 0.08727505803108215, -0.08799909800291061], [9.107255394269487e-09, 0.31224995851516724, 0.949999988079071, 0.08358622342348099], [0.0, 0.0, 0.0, 1.0]], "file_path": "images/2", "depth_path": "images/2.depth.png"}, {"transform_matrix": [[0.8546657562255859, 0.48283615708351135, -0.1908290535211563, -0.020022807642817497], [-0.5191786885261536, 0.7948391437530518, -0.31414052844047546, -0.3288484215736389], [-4.48874271086197e-09, 0.3675595223903656, 0.9300000071525574, 0.07158622145652771], [0.0, 0.0, 0.0, 1.0]], "file_path": "images/3", "depth_path": "images/3.depth.png"}, {"transform_matrix": [[-0.9809041023254395, 0.17698782682418823, -0.08063804358243942, 0.04609178379178047], [-0.19449211657047272, -0.892622709274292, 0.40669095516204834, 0.10365043580532074], [-4.6532772079999063e-10, 0.41460826992988586, 0.9099999666213989, 0.05958622321486473], [0.0, 0.0, 0.0, 1.0]], "file_path": "images/4", "depth_path": "images/4.depth.png"}, {"transform_matrix": [[0.5919106006622314, -0.7173432111740112, 0.367505818605423, 0.31497815251350403], [0.8060036301612854, 0.5268004536628723, -0.2698878049850464, -0.30229681730270386], [-3.759118527568717e-08, 0.4559605121612549, 0.8899999260902405, 0.04758622497320175], [0.0, 0.0, 0.0, 1.0]], "file_path": "images/5", "depth_path": "images/5.depth.png"}, {"transform_matrix": [[0.10799092799425125, 0.8649120330810547, -0.49016839265823364, -0.19962634146213531], [-0.9941518902778625, 0.09395205974578857, -0.0532451793551445, -0.17231127619743347], [-6.397868901331094e-08, 0.49305179715156555, 0.8699999451637268, 0.035586223006248474], [0.0, 0.0, 0.0, 1.0]], "file_path": "images/6", "depth_path": "images/6.depth.png"}, {"transform_matrix": [[-0.7511693239212036, -0.5610930919647217, 0.34773433208465576, 0.30311521887779236], [0.6601095199584961, -0.6384938955307007, 0.3957030773162842, 0.09705768525600433], [-3.652900648631885e-09, 0.526782751083374, 0.8499999642372131, 0.023586222901940346], [0.0, 0.0, 0.0, 1.0]], "file_path": "images/7", "depth_path": "images/7.depth.png"}, {"transform_matrix": [[0.9997864961624146, -0.01715056225657463, 0.011525247246026993, 0.10138977319002151], [0.020663326606154442, 0.8298227787017822, -0.5576443076133728, -0.4749507009983063], [-3.699547890256838e-10, 0.557763397693634, 0.8299999833106995, 0.011586222797632217], [0.0, 0.0, 0.0, 1.0]], "file_path": "images/8", "depth_path": "images/8.depth.png"}, {"transform_matrix": [[-0.7232535481452942, 0.5593718886375427, -0.4049782454967499, -0.1485123187303543], [-0.6905825734138489, -0.5858353972434998, 0.42413753271102905, 0.11411838978528976], [2.385263364601542e-08, 0.5864298939704895, 0.8100000023841858, -0.0004137768701184541], [0.0, 0.0, 0.0, 1.0]], "file_path": "images/9", "depth_path": "images/9.depth.png"}, {"transform_matrix": [[0.0668225958943367, -0.7882342338562012, 0.611736536026001, 0.46151649951934814], [0.9977648258209229, 0.0527898371219635, -0.040969423949718475, -0.1649458408355713], [3.046766750003371e-08, 0.613106906414032, 0.7899999618530273, -0.012413776479661465], [0.0, 0.0, 0.0, 1.0]], "file_path": "images/10", "depth_path": "images/10.depth.png"}, {"transform_matrix": [[0.6247074007987976, 0.6012613773345947, -0.4982222020626068, -0.20445872843265533], [-0.7808589339256287, 0.48102471232414246, -0.39859068393707275, -0.3795185387134552], [1.0585502252524748e-08, 0.6380438804626465, 0.7699999809265137, -0.024413777515292168], [0.0, 0.0, 0.0, 1.0]], "file_path": "images/11", "depth_path": "images/11.depth.png"}, {"transform_matrix": [[-0.988102376461029, -0.11534807085990906, 0.1017274260520935, 0.1555110365152359], [0.15379741787910461, -0.7410768270492554, 0.6535682678222656, 0.25177687406539917], [-1.8911299193291597e-09, 0.6614378094673157, 0.75, -0.036413777619600296], [0.0, 0.0, 0.0, 1.0]], "file_path": "images/12", "depth_path": "images/12.depth.png"}, {"transform_matrix": [[0.8324844837188721, -0.4044552445411682, 0.37866276502609253, 0.3216722309589386], [0.5540482997894287, 0.6077135801315308, -0.5689591765403748, -0.4817396402359009], [2.4573740375899433e-08, 0.6834471225738525, 0.7299999594688416, -0.048413775861263275], [0.0, 0.0, 0.0, 1.0]], "file_path": "images/13", "depth_path": "images/13.depth.png"}, {"transform_matrix": [[-0.23959416151046753, 0.6893198490142822, -0.6836904883384705, -0.3157396912574768], [-0.9708731174468994, -0.17011184990406036, 0.16872259974479675, -0.039130616933107376], [-1.818244221851728e-08, 0.7042017579078674, 0.7099998593330383, -0.06041377782821655], [0.0, 0.0, 0.0, 1.0]], "file_path": "images/14", "depth_path": "images/14.depth.png"}, {"transform_matrix": [[-0.4791461229324341, -0.60563725233078, 0.6353129148483276, 0.47566235065460205], [0.8777351379394531, -0.33061081171035767, 0.3468104302883148, 0.06772221624851227], [-2.1648549619612822e-09, 0.7238092422485352, 0.690000057220459, -0.07241377979516983], [0.0, 0.0, 0.0, 1.0]], "file_path": "images/15", "depth_path": "images/15.depth.png"}, {"transform_matrix": [[0.9462090134620667, 0.21678248047828674, -0.24019533395767212, -0.04964255541563034], [-0.32355594635009766, 0.6339600086212158, -0.7024288177490234, -0.5618214011192322], [-1.324261589275011e-08, 0.7423610687255859, 0.6700000166893005, -0.08441377431154251], [0.0, 0.0, 0.0, 1.0]], "file_path": "images/16", "depth_path": "images/16.depth.png"}, {"transform_matrix": [[-0.9162639379501343, 0.2603737711906433, -0.3044106364250183, -0.08817175775766373], [-0.40057501196861267, -0.5955715179443359, 0.6963002681732178, 0.27741608023643494], [7.944748858790263e-09, 0.7599342465400696, 0.6499999165534973, -0.09641377627849579], [0.0, 0.0, 0.0, 1.0]], "file_path": "images/17", "depth_path": "images/17.depth.png"}, {"transform_matrix": [[0.40504008531570435, -0.5760083794593811, 0.7100400328636169, 0.5204986929893494], [0.914298951625824, 0.25517529249191284, -0.31455209851264954, -0.32909536361694336], [-3.4994911857211264e-08, 0.7765951156616211, 0.6299999952316284, -0.10841377824544907], [0.0, 0.0, 0.0, 1.0]], "file_path": "images/18", "depth_path": "images/18.depth.png"}, {"transform_matrix": [[0.3189360797405243, 0.5781434178352356, -0.751019299030304, -0.35613688826560974], [-0.947776198387146, 0.19455096125602722, -0.2527254521846771, -0.2919993996620178], [-2.4360989669958144e-08, 0.7924014925956726, 0.6099998950958252, -0.12041378021240234], [0.0, 0.0, 0.0, 1.0]], "file_path": "images/19", "depth_path": "images/19.depth.png"}, {"transform_matrix": [[-0.8753871917724609, -0.2852192521095276, 0.39031684398651123, 0.32866472005844116], [0.4834224581718445, -0.5164784789085388, 0.7067904472351074, 0.28371018171310425], [1.564367657636012e-08, 0.8074032068252563, 0.5900000333786011, -0.13241377472877502], [0.0, 0.0, 0.0, 1.0]], "file_path": "images/20", "depth_path": "images/20.depth.png"}, {"transform_matrix": [[0.9720303416252136, -0.13386736810207367, 0.19296734035015106, 0.21025502681732178], [0.23485498130321503, 0.5540574193000793, -0.7986635565757751, -0.6195622682571411], [7.525295053767422e-09, 0.82164466381073, 0.5700000524520874, -0.1444137841463089], [0.0, 0.0, 0.0, 1.0]], "file_path": "images/21", "depth_path": "images/21.depth.png"}, {"transform_matrix": [[-0.5581028461456299, 0.4563744068145752, -0.692996084690094, -0.321323037147522], [-0.8297717571258545, -0.30695652961730957, 0.4661077857017517, 0.13930049538612366], [-7.919861211291845e-09, 0.8351647257804871, 0.5499999523162842, -0.15641377866268158], [0.0, 0.0, 0.0, 1.0]], "file_path": "images/22", "depth_path": "images/22.depth.png"}, {"transform_matrix": [[-0.14897513389587402, -0.5240856409072876, 0.8385348320007324, 0.5975955128669739], [0.9888409376144409, -0.07895681262016296, 0.12633056938648224, -0.06456571817398071], [-4.362927796819349e-09, 0.8479976654052734, 0.5299999713897705, -0.16841377317905426], [0.0, 0.0, 0.0, 1.0]], "file_path": "images/23", "depth_path": "images/23.depth.png"}, {"transform_matrix": [[0.7778019905090332, 0.3205396234989166, -0.5406277775764465, -0.22990188002586365], [-0.6285094022750854, 0.39667877554893494, -0.6690455079078674, -0.5417914390563965], [-2.90218569176659e-08, 0.8601745963096619, 0.509999692440033, -0.18041378259658813], [0.0, 0.0, 0.0, 1.0]], "file_path": "images/24", "depth_path": "images/24.depth.png"}, {"transform_matrix": [[-0.9980788826942444, 0.030357828363776207, -0.054007358849048615, 0.06207025423645973], [-0.06195475906133652, -0.48905864357948303, 0.8700478672981262, 0.38166457414627075], [-9.169279224785498e-10, 0.8717224597930908, 0.4899999499320984, -0.19241377711296082], [0.0, 0.0, 0.0, 1.0]], "file_path": "images/25", "depth_path": "images/25.depth.png"}, {"transform_matrix": [[0.6941025257110596, -0.33834174275398254, 0.6354105472564697, 0.47572091221809387], [0.7198761701583862, 0.3262280821800232, -0.6126610040664673, -0.5079607367515564], [3.0707866471857415e-08, 0.8826664686203003, 0.46999990940093994, -0.2044137716293335], [0.0, 0.0, 0.0, 1.0]], "file_path": "images/26", "depth_path": "images/26.depth.png"}, {"transform_matrix": [[-0.025540359318256378, 0.44985321164131165, -0.8927372097969055, -0.4411677122116089], [-0.9996737837791443, -0.011493171565234661, 0.022808264940977097, -0.1266791671514511], [-1.0703718800186834e-08, 0.8930285573005676, 0.45000001788139343, -0.21641378104686737], [0.0, 0.0, 0.0, 1.0]], "file_path": "images/27", "depth_path": "images/27.depth.png"}, {"transform_matrix": [[-0.6564374566078186, -0.32438352704048157, 0.6810764670372009, 0.5031206011772156], [0.7543804049491882, -0.28226810693740845, 0.5926507115364075, 0.21522623300552368], [2.817320066128559e-08, 0.9028288125991821, 0.4300000071525574, -0.22841377556324005], [0.0, 0.0, 0.0, 1.0]], "file_path": "images/28", "depth_path": "images/28.depth.png"}, {"transform_matrix": [[0.9936131238937378, 0.04626430198550224, -0.10291948169469833, 0.03272293880581856], [-0.11283973604440689, 0.407381534576416, -0.906260073184967, -0.684120237827301], [7.507596322398058e-09, 0.9120854735374451, 0.4100000858306885, -0.24041377007961273], [0.0, 0.0, 0.0, 1.0]], "file_path": "images/29", "depth_path": "images/29.depth.png"}, {"transform_matrix": [[-0.8088816404342651, 0.2293088436126709, -0.541412889957428, -0.23037314414978027], [-0.5879715085029602, -0.31546375155448914, 0.7448302507400513, 0.3065339922904968], [1.26235004671571e-08, 0.9208148717880249, 0.3899999260902405, -0.2524137794971466], [0.0, 0.0, 0.0, 1.0]], "file_path": "images/30", "depth_path": "images/30.depth.png"}, {"transform_matrix": [[0.19927482306957245, -0.36257898807525635, 0.9103988409042358, 0.6407138705253601], [0.979943573474884, 0.07373154908418655, -0.1851327121257782, -0.2514438033103943], [1.0912252434991387e-07, 0.9290317296981812, 0.36999982595443726, -0.2644137740135193], [0.0, 0.0, 0.0, 1.0]], "file_path": "images/31", "depth_path": "images/31.depth.png"}, {"transform_matrix": [[0.5150031447410583, 0.300015926361084, -0.8029708862304688, -0.38730788230895996], [-0.8571882843971252, 0.18025104701519012, -0.48242902755737305, -0.42982155084609985], [-5.157329496796592e-08, 0.9367496967315674, 0.34999996423721313, -0.27641376852989197], [0.0, 0.0, 0.0, 1.0]], "file_path": "images/32", "depth_path": "images/32.depth.png"}, {"transform_matrix": [[-0.958769679069519, -0.09378078579902649, 0.268264502286911, 0.2554333508014679], [0.28418421745300293, -0.31639397144317627, 0.9050602912902832, 0.40267205238342285], [4.862341196343323e-09, 0.9439809322357178, 0.32999998331069946, -0.28841376304626465], [0.0, 0.0, 0.0, 1.0]], "file_path": "images/33", "depth_path": "images/33.depth.png"}, {"transform_matrix": [[0.8989306688308716, -0.13580812513828278, 0.41650906205177307, 0.34438008069992065], [0.4380909502506256, 0.27866852283477783, -0.8546462059020996, -0.6531518697738647], [-6.82993501754936e-08, 0.9507365822792053, 0.309999942779541, -0.3004137873649597], [0.0, 0.0, 0.0, 1.0]], "file_path": "images/34", "depth_path": "images/34.depth.png"}, {"transform_matrix": [[-0.36691728234291077, 0.2697734236717224, -0.8902775049209595, -0.43969184160232544], [-0.9302535653114319, -0.10640598833560944, 0.35114961862564087, 0.07032566517591476], [-1.5763346183916838e-08, 0.9570266604423523, 0.28999990224838257, -0.3124137818813324], [0.0, 0.0, 0.0, 1.0]], "file_path": "images/35", "depth_path": "images/35.depth.png"}, {"transform_matrix": [[-0.35782375931739807, -0.25212305784225464, 0.8991085290908813, 0.6339396834373474], [0.933789074420929, -0.0966123640537262, 0.34453433752059937, 0.06635653227567673], [-4.5851116681205895e-08, 0.9628603458404541, 0.2699999511241913, -0.3244137763977051], [0.0, 0.0, 0.0, 1.0]], "file_path": "images/36", "depth_path": "images/36.depth.png"}, {"transform_matrix": [[0.8946136236190796, 0.11171004176139832, -0.43265146017074585, -0.16511622071266174], [-0.4468404948711395, 0.22365333139896393, -0.8662058711051941, -0.6600877046585083], [3.776052892590087e-08, 0.9682458639144897, 0.24999986588954926, -0.33641377091407776], [0.0, 0.0, 0.0, 1.0]], "file_path": "images/37", "depth_path": "images/37.depth.png"}, {"transform_matrix": [[-0.9614965915679932, 0.06320782005786896, -0.26744890213012695, -0.06599472463130951], [-0.27481651306152344, -0.22114434838294983, 0.9357195496559143, 0.42106762528419495], [-1.44799754409064e-08, 0.9731906056404114, 0.2300001084804535, -0.34841376543045044], [0.0, 0.0, 0.0, 1.0]], "file_path": "images/38", "depth_path": "images/38.depth.png"}, {"transform_matrix": [[0.5233416557312012, -0.17894579470157623, 0.8331217169761658, 0.5943476557731628], [0.8521228432655334, 0.1099018007516861, -0.5116718411445618, -0.4473673105239868], [-4.6164739586629366e-08, 0.9777013063430786, 0.21000000834465027, -0.3604137897491455], [0.0, 0.0, 0.0, 1.0]], "file_path": "images/39", "depth_path": "images/39.depth.png"}, {"transform_matrix": [[0.18970486521720886, 0.1865498572587967, -0.9639559984207153, -0.48389899730682373], [-0.9818411469459534, 0.03604390472173691, -0.18624921143054962, -0.25211358070373535], [-2.8542137542331147e-08, 0.9817841053009033, 0.1900000423192978, -0.3724137842655182], [0.0, 0.0, 0.0, 1.0]], "file_path": "images/40", "depth_path": "images/40.depth.png"}, {"transform_matrix": [[-0.8031066656112671, -0.10129199922084808, 0.5871623754501343, 0.44677209854125977], [0.5958353281021118, -0.13652805984020233, 0.7914167046546936, 0.33448585867881775], [-3.7136988595420917e-08, 0.9854440689086914, 0.16999994218349457, -0.38441377878189087], [0.0, 0.0, 0.0, 1.0]], "file_path": "images/41", "depth_path": "images/41.depth.png"}, {"transform_matrix": [[0.9946667551994324, -0.015471048653125763, 0.10197329521179199, 0.15565860271453857], [0.1031402200460434, 0.1492001861333847, -0.9834131598472595, -0.7304120063781738], [-2.336153714921352e-09, 0.9886859655380249, 0.1500001698732376, -0.39641377329826355], [0.0, 0.0, 0.0, 1.0]], "file_path": "images/42", "depth_path": "images/42.depth.png"}, {"transform_matrix": [[-0.6637662649154663, 0.09723207354545593, -0.741593062877655, -0.3504812717437744], [-0.7479400634765625, -0.08628945797681808, 0.6581335663795471, 0.25451594591140747], [2.8799000517665263e-08, 0.9915139675140381, 0.1299998015165329, -0.40841376781463623], [0.0, 0.0, 0.0, 1.0]], "file_path": "images/43", "depth_path": "images/43.depth.png"}, {"transform_matrix": [[-0.015786033123731613, -0.10998613387346268, 0.9938076734542847, 0.6907593011856079], [0.9998753070831299, -0.0017364888917654753, 0.015690235421061516, -0.13095007836818695], [2.7630187915406168e-08, 0.9939315915107727, 0.10999983549118042, -0.4204137623310089], [0.0, 0.0, 0.0, 1.0]], "file_path": "images/44", "depth_path": "images/44.depth.png"}, {"transform_matrix": [[0.6870461106300354, 0.06539514660835266, -0.7236650586128235, -0.3397243916988373], [-0.7266138195991516, 0.06183406338095665, -0.6842579245567322, -0.5509188771247864], [9.97612659148217e-10, 0.995941698551178, 0.08999987691640854, -0.432413786649704], [0.0, 0.0, 0.0, 1.0]], "file_path": "images/45", "depth_path": "images/45.depth.png"}, {"transform_matrix": [[-0.9974269270896912, -0.005018266383558512, 0.07151362299919128, 0.13738277554512024], [0.07168947160243988, -0.06981981545686722, 0.9949803352355957, 0.4566240608692169], [-7.975129001636105e-09, 0.997546911239624, 0.06999993324279785, -0.44441378116607666], [0.0, 0.0, 0.0, 1.0]], "file_path": "images/46", "depth_path": "images/46.depth.png"}, {"transform_matrix": [[0.7838971018791199, -0.031044473871588707, 0.6201140880584717, 0.4665430784225464], [0.620890736579895, 0.03919479250907898, -0.7829166054725647, -0.6101140975952148], [-1.0233613068066916e-08, 0.9987491369247437, 0.0499999113380909, -0.45641377568244934], [0.0, 0.0, 0.0, 1.0]], "file_path": "images/47", "depth_path": "images/47.depth.png"}, {"transform_matrix": [[-0.15861570835113525, 0.02962004765868187, -0.9868959188461304, -0.4976629614830017], [-0.9873403906822205, -0.004758461378514767, 0.15854430198669434, -0.04523751884698868], [-1.6256700874350827e-08, 0.999549925327301, 0.029999835416674614, -0.468413770198822], [0.0, 0.0, 0.0, 1.0]], "file_path": "images/48", "depth_path": "images/48.depth.png"}, {"transform_matrix": [[-0.5499805212020874, -0.008351891301572323, 0.8351357579231262, 0.5955560207366943], [0.835177481174469, -0.00549987843260169, 0.5499529838562012, 0.18960772454738617], [-2.697348344682382e-09, 0.9999499917030334, 0.010000137612223625, -0.4804137647151947], [0.0, 0.0, 0.0, 1.0]], "file_path": "images/49", "depth_path": "images/49.depth.png"}], "integer_depth_scale": 4.5777065690089265e-05, "aabb": [[0.02060999721288681, -0.2451239824295044, -0.5044220089912415], [0.17061001062393188, -0.03512399643659592, -0.4544219970703125]]}